0.0354804,-0.999359,-0.00486187,3.89186,0.968535,0.0331861,0.246654,-14.3556,-0.246335,-0.0134603,0.969091,-161.462,0,0,0,1,4.16453,42.6102
0.105743,-0.99427,0.0156638,-4.9535,0.242972,0.0411088,0.969162,-132.194,-0.964253,-0.098676,0.245926,44.5006,0,0,0,1,0.956027,42.6704
-0.0289048,-0.998675,-0.0425869,7.24358,-0.306168,0.0494023,-0.950695,110.61,0.951538,-0.0144409,-0.307191,-6.21023,0,0,0,1,4.27557,42.8801
0.0135943,0.999906,0.00151569,2.72108,-0.993542,0.0136785,-0.112634,15.2644,-0.112645,2.52814e-05,0.993635,-174.018,0,0,0,1,4.45587,42.7334
0.327441,0.933188,0.148132,-16.4979,0.313088,0.0407606,-0.948849,121.126,-0.891492,0.357071,-0.278823,97.4408,0,0,0,1,5.28943,42.5314
-0.112111,0.993673,-0.00670237,-0.618895,-0.446612,-0.0443616,0.893627,-118.106,0.887676,0.103179,0.44876,-31.2058,0,0,0,1,2.46868,42.7713
0.0137909,-0.997332,-0.0716893,11.0583,0.77909,0.0556583,-0.624436,80.7764,0.62676,-0.0472409,0.777779,-140.438,0,0,0,1,4.2179,42.8522
-0.00547347,-0.998539,0.05376,-4.85925,-0.0961343,-0.0529863,-0.993957,129.722,0.995353,-0.0106086,-0.0957038,32.7467,0,0,0,1,2.27872,43.2936
-0.0294393,-0.996135,-0.0827519,8.52562,0.358343,0.0667672,-0.931199,118.126,0.933126,-0.0570674,0.354993,-0.914453,0,0,0,1,1.50902,43.0302
-0.0854697,-0.99601,0.0256781,-5.78748,-0.0804679,0.0325888,0.996224,-112.845,-0.993086,0.0830808,-0.0829321,81.0389,0,0,0,1,1.20034,41.7754
-0.0449294,0.998964,0.00729429,2.18014,-0.996235,-0.0442624,-0.0745421,8.89044,-0.0741419,-0.010616,0.997191,-179.406,0,0,0,1,3.78208,42.7367
0.0647897,0.9972,0.037346,-0.552252,-0.380764,0.0592974,-0.922769,109.836,-0.9224,0.0455659,0.38354,-115.357,0,0,0,1,4.52037,42.9868
0.0370402,-0.998978,-0.025922,0.0736794,0.553078,-0.00111132,0.833129,-114.429,-0.832305,-0.0451961,0.552472,0.0849082,0,0,0,1,0.819106,43.091
0.378609,0.924775,0.0380398,-7.38343,0.86059,-0.33661,-0.382201,9.2869,-0.340645,0.177442,-0.923296,155.265,0,0,0,1,4.91318,44.0251
0.0702619,-0.996915,-0.0349914,1.65123,0.425311,-0.00179117,0.905045,-123.333,-0.902316,-0.0784725,0.423873,0.147208,0,0,0,1,1.14457,43.3687
-0.0231833,0.998038,0.0581637,-3.84065,-0.941482,-0.0413644,0.334515,-39.1489,0.336265,-0.0470049,0.940594,-160.133,0,0,0,1,4.91322,42.786
-0.112183,-0.989485,0.0912881,-8.63496,0.0490087,0.0862467,0.995068,-119.898,-0.992478,0.116104,0.0388179,-36.7768,0,0,0,1,6.1091,43.836
-0.130468,-0.991452,0.00111074,4.46422,-0.153803,0.0191326,-0.987916,132.057,0.97945,-0.129062,-0.154985,-66.4503,0,0,0,1,4.90312,43.2711
-0.027286,-0.999591,-0.0085752,3.73078,0.999536,-0.0271664,-0.0137688,-1.37511,0.0135302,-0.00894692,0.999868,-169.286,0,0,0,1,5.02273,42.9257
0.0168276,0.999503,-0.0266608,5.35592,-0.720571,0.0306088,0.692706,-96.4306,0.693177,0.00755444,0.720727,-131.665,0,0,0,1,4.77563,43.6909
-0.0198789,0.999685,-0.0153084,0.633321,0.178191,-0.0115238,-0.983928,116.648,-0.983795,-0.0222872,-0.177906,56.0943,0,0,0,1,2.53058,43.7103
-0.166141,-0.978161,-0.12489,16.5379,0.972318,-0.183602,0.144527,-50.0768,-0.1643,-0.0974207,0.981588,-172.5,0,0,0,1,4.45105,43.0393
0.191874,-0.981154,-0.0228424,7.71494,0.981412,0.191914,0.000458358,22.6157,0.00393404,-0.0225057,0.999739,-175.21,0,0,0,1,4.1438,43.3573
-0.114057,-0.993445,0.00766094,2.30345,0.992545,-0.113614,0.0441171,-40.0388,-0.0429575,0.0126357,0.998997,-168.48,0,0,0,1,3.36122,42.358
-0.0304749,-0.9989,-0.0356259,5.54908,-0.140046,0.039558,-0.989355,115.765,0.989676,-0.0251613,-0.141097,-26.9751,0,0,0,1,4.78688,43.1986
0.107057,0.993291,-0.0437283,6.99665,-0.994035,0.106008,-0.0256302,34.5035,-0.0208227,0.0462113,0.998715,-160.376,0,0,0,1,3.5661,42.5102
0.103423,0.993998,0.0356505,-1.27967,-0.356139,0.0704741,-0.931772,109.753,-0.928692,0.0836701,0.36129,-85.7647,0,0,0,1,5.44415,43.4567
0.0459244,-0.998551,-0.0280616,5.59822,0.970406,0.037928,0.238484,-26.2553,-0.237074,-0.0381833,0.970741,-165.881,0,0,0,1,4.01916,42.3595
-0.0351135,-0.997391,0.0630658,-6.49114,-0.315336,0.0709383,0.946325,-115.344,-0.94833,0.0133419,-0.317004,60.4229,0,0,0,1,2.97295,42.9592
0.014152,-0.997747,-0.0655785,9.95905,0.996383,0.00857587,0.084544,-5.69864,-0.0837911,-0.0665378,0.994259,-173.64,0,0,0,1,4.03409,42.417
-0.0171649,0.999741,0.0149258,-2.21946,0.440566,-0.00583816,0.897701,-118.251,0.897556,0.0219847,-0.440352,70.5464,0,0,0,1,2.46591,43.1829
0.120387,-0.987638,-0.100387,9.09593,-0.416016,-0.142006,0.898201,-116.055,-0.901353,-0.0663697,-0.427969,73.9,0,0,0,1,3.61783,43.5294
-0.0472987,0.998554,0.0255392,0.288048,-0.998785,-0.0469247,-0.0150527,5.87768,-0.0138325,-0.0262201,0.99956,-178.06,0,0,0,1,3.87343,42.6207
0.033034,-0.998712,-0.0385052,0.831604,-0.853617,-0.0482317,0.518663,-79.9707,-0.519852,0.0157352,-0.854111,140.025,0,0,0,1,2.23295,43.9306
0.0481868,0.987161,0.152289,-19.3698,0.930816,0.0109223,-0.365326,3.83268,-0.362299,0.159357,-0.918338,167.156,0,0,0,1,1.24283,43.6261
0.317537,0.947546,-0.0364297,1.48444,0.0839987,-0.0663746,-0.994253,115.714,-0.944518,0.312652,-0.100669,81.2974,0,0,0,1,4.9703,43.101
0.0121909,0.999919,0.0036826,2.24557,-0.168488,-0.00157607,0.985702,-120.56,0.985628,-0.012637,0.168455,-77.7502,0,0,0,1,4.67997,43.0999
-0.0032751,0.99998,0.00545882,2.39096,-0.999444,-0.00345433,0.0331546,1.53166,0.0331728,-0.0053472,0.999435,-160.713,0,0,0,1,4.74999,42.6676
-0.0513971,0.996885,0.059817,-9.24738,0.970606,0.0639642,-0.232019,26.6383,-0.235123,0.0461336,-0.97087,166.222,0,0,0,1,1.24981,43.8713
0.0554898,-0.997207,-0.0499869,7.42376,0.996162,0.0518984,0.070486,-10.4976,-0.0676949,-0.0537063,0.99626,-160.208,0,0,0,1,4.86454,42.7875
-0.0200203,-0.996434,-0.0819672,11.8262,0.982976,-0.0345935,0.180447,-9.33965,-0.182639,-0.0769592,0.980163,-170.651,0,0,0,1,5.1334,43.0606
-0.00634339,0.996714,0.0807534,-5.89514,-0.965348,0.0149649,-0.260537,20.1878,-0.260889,-0.0796078,0.962081,-162.841,0,0,0,1,5.65182,43.157
-0.0311668,0.996295,-0.0801564,11.3363,-0.942473,-0.0559976,-0.329559,34.8928,-0.332826,0.065274,0.940726,-165.5,0,0,0,1,4.98284,43.2049
-0.0864253,-0.996238,0.00642667,0.26551,-0.113351,0.0162419,0.993422,-128.917,-0.989789,0.0851284,-0.114328,-27.3284,0,0,0,1,5.24406,44.0063
